Feedback matrices
Px:
         1      0.005 -0.0280201
         1       0.01 -0.0279826
         1      0.015 -0.0279201
         1       0.02 -0.0278326
         1      0.025 -0.0277201
         1       0.03 -0.0275826
         1      0.035 -0.0274201
         1       0.04 -0.0272326
         1      0.045 -0.0270201
         1       0.05 -0.0267826
X:
0
0
0
Y:
0
0
0
ZMP_REFS_X:
0
0
0
0
0
0
0
0
0
0
ZMP_REFS_Y:
0
0
0
0
0
0
0
0
0
0
PuPuRQIPuT:
     0.03897  -0.00134733  0.000241365  -0.00131551  0.000170466  -0.00128465  0.000105827  -0.00126443  0.000490488      132.161
    -2.17323      2.17322  9.42805e-06 -6.79825e-09  8.86221e-10  -6.6787e-09  5.50181e-10 -6.57356e-09  2.54998e-09  0.000687086
-1.03893e-05      -2.0827       2.0827   9.0337e-06  9.31559e-11 -4.29878e-10  3.54078e-11 -4.23109e-10  1.64124e-10  4.42238e-05
-1.09406e-06 -8.44608e-06      -2.0827       2.0827  8.32623e-06 -1.20426e-09  1.01638e-10 -1.21775e-09  4.72221e-10  0.000127317
-1.59702e-06  5.87241e-07 -8.15214e-06     -1.99941      1.99942  7.99205e-06 -7.52689e-08  7.43335e-08 -7.16134e-08  0.000110118
-7.40371e-06  8.02042e-07  4.98207e-07 -7.26636e-06     -1.99942      1.99942     -0.01885    0.0188575   -0.0180157  0.000512132
-7.64393e-06  7.93047e-07  4.79068e-07  7.18885e-07 -7.28793e-06     -1.92254      1.90441    0.0181393   -0.0173231  0.000483626
 -7.9169e-06  7.91255e-07  4.65767e-07   7.1753e-07  5.98126e-07 -6.33015e-06     -1.88627      1.88627   -0.0168311  0.000539274
-8.27693e-06  7.97681e-07  4.57122e-07  7.23643e-07  3.10964e-07   6.6873e-07 -6.09946e-06     -1.85135      1.83483  0.000522728
-0.000520847  1.85065e-05 -2.72997e-06  1.80142e-05 -1.67898e-06  1.75336e-05 -9.86068e-07  1.11095e-05     -1.78526    0.0320134
Ux:
0
0
0
0
0
0
0
0
0
0
Uy:
0
0
0
0
0
0
0
0
0
0
Solving ZMP MPC for k=0 took 0 ms
ZMP REF X=0, Y=0
X=0, 0, 0
Y=0, 0, 0
Ux=0, Uy=0

Px:
         1      0.005 -0.0280201
         1       0.01 -0.0279826
         1      0.015 -0.0279201
         1       0.02 -0.0278326
         1      0.025 -0.0277201
         1       0.03 -0.0275826
         1      0.035 -0.0274201
         1       0.04 -0.0272326
         1      0.045 -0.0270201
         1       0.05 -0.0267826
X:
0
0
0
Y:
0
0
0
ZMP_REFS_X:
0
0
0
0
0
0
0
0
0
0
ZMP_REFS_Y:
0
0
0
0
0
0
0
0
0
0
PuPuRQIPuT:
     0.03897  -0.00134733  0.000241365  -0.00131551  0.000170466  -0.00128465  0.000105827  -0.00126443  0.000490488      132.161
    -2.17323      2.17322  9.42805e-06 -6.79825e-09  8.86221e-10  -6.6787e-09  5.50181e-10 -6.57356e-09  2.54998e-09  0.000687086
-1.03893e-05      -2.0827       2.0827   9.0337e-06  9.31559e-11 -4.29878e-10  3.54078e-11 -4.23109e-10  1.64124e-10  4.42238e-05
-1.09406e-06 -8.44608e-06      -2.0827       2.0827  8.32623e-06 -1.20426e-09  1.01638e-10 -1.21775e-09  4.72221e-10  0.000127317
-1.59702e-06  5.87241e-07 -8.15214e-06     -1.99941      1.99942  7.99205e-06 -7.52689e-08  7.43335e-08 -7.16134e-08  0.000110118
-7.40371e-06  8.02042e-07  4.98207e-07 -7.26636e-06     -1.99942      1.99942     -0.01885    0.0188575   -0.0180157  0.000512132
-7.64393e-06  7.93047e-07  4.79068e-07  7.18885e-07 -7.28793e-06     -1.92254      1.90441    0.0181393   -0.0173231  0.000483626
 -7.9169e-06  7.91255e-07  4.65767e-07   7.1753e-07  5.98126e-07 -6.33015e-06     -1.88627      1.88627   -0.0168311  0.000539274
-8.27693e-06  7.97681e-07  4.57122e-07  7.23643e-07  3.10964e-07   6.6873e-07 -6.09946e-06     -1.85135      1.83483  0.000522728
-0.000520847  1.85065e-05 -2.72997e-06  1.80142e-05 -1.67898e-06  1.75336e-05 -9.86068e-07  1.11095e-05     -1.78526    0.0320134
Ux:
0
0
0
0
0
0
0
0
0
0
Uy:
0
0
0
0
0
0
0
0
0
0
Solving ZMP MPC for k=1 took 0 ms
ZMP REF X=0, Y=0
X=0, 0, 0
Y=0, 0, 0
Ux=0, Uy=0

Px:
         1      0.005 -0.0280201
         1       0.01 -0.0279826
         1      0.015 -0.0279201
         1       0.02 -0.0278326
         1      0.025 -0.0277201
         1       0.03 -0.0275826
         1      0.035 -0.0274201
         1       0.04 -0.0272326
         1      0.045 -0.0270201
         1       0.05 -0.0267826
X:
-0.0199454
         0
0.00039452
Y:
4.28462e-06
          0
0.000152014
ZMP_REFS_X:
0
0
0
0
0
0
0
0
0
0
ZMP_REFS_Y:
0
0
0
0
0
0
0
0
0
0
PuPuRQIPuT:
     0.03897  -0.00134733  0.000241365  -0.00131551  0.000170466  -0.00128465  0.000105827  -0.00126443  0.000490488      132.161
    -2.17323      2.17322  9.42805e-06 -6.79825e-09  8.86221e-10  -6.6787e-09  5.50181e-10 -6.57356e-09  2.54998e-09  0.000687086
-1.03893e-05      -2.0827       2.0827   9.0337e-06  9.31559e-11 -4.29878e-10  3.54078e-11 -4.23109e-10  1.64124e-10  4.42238e-05
-1.09406e-06 -8.44608e-06      -2.0827       2.0827  8.32623e-06 -1.20426e-09  1.01638e-10 -1.21775e-09  4.72221e-10  0.000127317
-1.59702e-06  5.87241e-07 -8.15214e-06     -1.99941      1.99942  7.99205e-06 -7.52689e-08  7.43335e-08 -7.16134e-08  0.000110118
-7.40371e-06  8.02042e-07  4.98207e-07 -7.26636e-06     -1.99942      1.99942     -0.01885    0.0188575   -0.0180157  0.000512132
-7.64393e-06  7.93047e-07  4.79068e-07  7.18885e-07 -7.28793e-06     -1.92254      1.90441    0.0181393   -0.0173231  0.000483626
 -7.9169e-06  7.91255e-07  4.65767e-07   7.1753e-07  5.98126e-07 -6.33015e-06     -1.88627      1.88627   -0.0168311  0.000539274
-8.27693e-06  7.97681e-07  4.57122e-07  7.23643e-07  3.10964e-07   6.6873e-07 -6.09946e-06     -1.85135      1.83483  0.000522728
-0.000520847  1.85065e-05 -2.72997e-06  1.80142e-05 -1.67898e-06  1.75336e-05 -9.86068e-07  1.11095e-05     -1.78526    0.0320134
Ux:
     -2.6381
 -1.3683e-05
-8.31408e-07
-2.46951e-06
-2.10792e-06
 0.000349507
 0.000336265
 0.000325476
 0.000319717
   0.0349971
Uy:
 2.81877e-05
 1.25352e-08
 1.97972e-08
   2.773e-08
 3.42171e-08
 3.92469e-08
 4.50424e-08
 5.08962e-08
 5.69872e-08
-3.09483e-07
Solving ZMP MPC for k=2 took 0 ms
ZMP REF X=0, Y=0
X=-0.0199454, 0, 0.00039452
Y=4.28462e-06, 0, 0.000152014
Ux=-2.6381, Uy=2.81877e-05

Px:
         1      0.005 -0.0280201
         1       0.01 -0.0279826
         1      0.015 -0.0279201
         1       0.02 -0.0278326
         1      0.025 -0.0277201
         1       0.03 -0.0275826
         1      0.035 -0.0274201
         1       0.04 -0.0272326
         1      0.045 -0.0270201
         1       0.05 -0.0267826
X:
-0.0199454
         0
0.00039452
Y:
4.28462e-06
          0
0.000152014
ZMP_REFS_X:
0
0
0
0
0
0
0
0
0
0
ZMP_REFS_Y:
0
0
0
0
0
0
0
0
0
0
PuPuRQIPuT:
     0.03897  -0.00134733  0.000241365  -0.00131551  0.000170466  -0.00128465  0.000105827  -0.00126443  0.000490488      132.161
    -2.17323      2.17322  9.42805e-06 -6.79825e-09  8.86221e-10  -6.6787e-09  5.50181e-10 -6.57356e-09  2.54998e-09  0.000687086
-1.03893e-05      -2.0827       2.0827   9.0337e-06  9.31559e-11 -4.29878e-10  3.54078e-11 -4.23109e-10  1.64124e-10  4.42238e-05
-1.09406e-06 -8.44608e-06      -2.0827       2.0827  8.32623e-06 -1.20426e-09  1.01638e-10 -1.21775e-09  4.72221e-10  0.000127317
-1.59702e-06  5.87241e-07 -8.15214e-06     -1.99941      1.99942  7.99205e-06 -7.52689e-08  7.43335e-08 -7.16134e-08  0.000110118
-7.40371e-06  8.02042e-07  4.98207e-07 -7.26636e-06     -1.99942      1.99942     -0.01885    0.0188575   -0.0180157  0.000512132
-7.64393e-06  7.93047e-07  4.79068e-07  7.18885e-07 -7.28793e-06     -1.92254      1.90441    0.0181393   -0.0173231  0.000483626
 -7.9169e-06  7.91255e-07  4.65767e-07   7.1753e-07  5.98126e-07 -6.33015e-06     -1.88627      1.88627   -0.0168311  0.000539274
-8.27693e-06  7.97681e-07  4.57122e-07  7.23643e-07  3.10964e-07   6.6873e-07 -6.09946e-06     -1.85135      1.83483  0.000522728
-0.000520847  1.85065e-05 -2.72997e-06  1.80142e-05 -1.67898e-06  1.75336e-05 -9.86068e-07  1.11095e-05     -1.78526    0.0320134
Ux:
     -2.6381
 -1.3683e-05
-8.31408e-07
-2.46951e-06
-2.10792e-06
 0.000349507
 0.000336265
 0.000325476
 0.000319717
   0.0349971
Uy:
 2.81877e-05
 1.25352e-08
 1.97972e-08
   2.773e-08
 3.42171e-08
 3.92469e-08
 4.50424e-08
 5.08962e-08
 5.69872e-08
-3.09483e-07
Solving ZMP MPC for k=3 took 0 ms
ZMP REF X=0, Y=0
X=-0.0199454, 0, 0.00039452
Y=4.28462e-06, 0, 0.000152014
Ux=-2.6381, Uy=2.81877e-05

Px:
         1      0.005 -0.0280201
         1       0.01 -0.0279826
         1      0.015 -0.0279201
         1       0.02 -0.0278326
         1      0.025 -0.0277201
         1       0.03 -0.0275826
         1      0.035 -0.0274201
         1       0.04 -0.0272326
         1      0.045 -0.0270201
         1       0.05 -0.0267826
X:
-0.0199454
         0
0.00039452
Y:
4.28462e-06
          0
0.000152014
ZMP_REFS_X:
0
0
0
0
0
0
0
0
0
0
ZMP_REFS_Y:
0
0
0
0
0
0
0
0
0
0
PuPuRQIPuT:
     0.03897  -0.00134733  0.000241365  -0.00131551  0.000170466  -0.00128465  0.000105827  -0.00126443  0.000490488      132.161
    -2.17323      2.17322  9.42805e-06 -6.79825e-09  8.86221e-10  -6.6787e-09  5.50181e-10 -6.57356e-09  2.54998e-09  0.000687086
-1.03893e-05      -2.0827       2.0827   9.0337e-06  9.31559e-11 -4.29878e-10  3.54078e-11 -4.23109e-10  1.64124e-10  4.42238e-05
-1.09406e-06 -8.44608e-06      -2.0827       2.0827  8.32623e-06 -1.20426e-09  1.01638e-10 -1.21775e-09  4.72221e-10  0.000127317
-1.59702e-06  5.87241e-07 -8.15214e-06     -1.99941      1.99942  7.99205e-06 -7.52689e-08  7.43335e-08 -7.16134e-08  0.000110118
-7.40371e-06  8.02042e-07  4.98207e-07 -7.26636e-06     -1.99942      1.99942     -0.01885    0.0188575   -0.0180157  0.000512132
-7.64393e-06  7.93047e-07  4.79068e-07  7.18885e-07 -7.28793e-06     -1.92254      1.90441    0.0181393   -0.0173231  0.000483626
 -7.9169e-06  7.91255e-07  4.65767e-07   7.1753e-07  5.98126e-07 -6.33015e-06     -1.88627      1.88627   -0.0168311  0.000539274
-8.27693e-06  7.97681e-07  4.57122e-07  7.23643e-07  3.10964e-07   6.6873e-07 -6.09946e-06     -1.85135      1.83483  0.000522728
-0.000520847  1.85065e-05 -2.72997e-06  1.80142e-05 -1.67898e-06  1.75336e-05 -9.86068e-07  1.11095e-05     -1.78526    0.0320134
Ux:
     -2.6381
 -1.3683e-05
-8.31408e-07
-2.46951e-06
-2.10792e-06
 0.000349507
 0.000336265
 0.000325476
 0.000319717
   0.0349971
Uy:
2.81875e-05
1.25352e-08
1.97972e-08
  2.773e-08
3.42171e-08
3.92469e-08
4.50424e-08
5.08963e-08
5.69873e-08
-3.0948e-07
Solving ZMP MPC for k=4 took 0 ms
ZMP REF X=0, Y=0
X=-0.0199454, 0, 0.00039452
Y=4.28462e-06, 0, 0.000152014
Ux=-2.6381, Uy=2.81875e-05

Px:
         1      0.005 -0.0280201
         1       0.01 -0.0279826
         1      0.015 -0.0279201
         1       0.02 -0.0278326
         1      0.025 -0.0277201
         1       0.03 -0.0275826
         1      0.035 -0.0274201
         1       0.04 -0.0272326
         1      0.045 -0.0270201
         1       0.05 -0.0267826
X:
-0.0199454
         0
0.00039452
Y:
4.28462e-06
          0
0.000152014
ZMP_REFS_X:
0
0
0
0
0
0
0
0
0
0
ZMP_REFS_Y:
0
0
0
0
0
0
0
0
0
0
PuPuRQIPuT:
     0.03897  -0.00134733  0.000241365  -0.00131551  0.000170466  -0.00128465  0.000105827  -0.00126443  0.000490488      132.161
    -2.17323      2.17322  9.42805e-06 -6.79825e-09  8.86221e-10  -6.6787e-09  5.50181e-10 -6.57356e-09  2.54998e-09  0.000687086
-1.03893e-05      -2.0827       2.0827   9.0337e-06  9.31559e-11 -4.29878e-10  3.54078e-11 -4.23109e-10  1.64124e-10  4.42238e-05
-1.09406e-06 -8.44608e-06      -2.0827       2.0827  8.32623e-06 -1.20426e-09  1.01638e-10 -1.21775e-09  4.72221e-10  0.000127317
-1.59702e-06  5.87241e-07 -8.15214e-06     -1.99941      1.99942  7.99205e-06 -7.52689e-08  7.43335e-08 -7.16134e-08  0.000110118
-7.40371e-06  8.02042e-07  4.98207e-07 -7.26636e-06     -1.99942      1.99942     -0.01885    0.0188575   -0.0180157  0.000512132
-7.64393e-06  7.93047e-07  4.79068e-07  7.18885e-07 -7.28793e-06     -1.92254      1.90441    0.0181393   -0.0173231  0.000483626
 -7.9169e-06  7.91255e-07  4.65767e-07   7.1753e-07  5.98126e-07 -6.33015e-06     -1.88627      1.88627   -0.0168311  0.000539274
-8.27693e-06  7.97681e-07  4.57122e-07  7.23643e-07  3.10964e-07   6.6873e-07 -6.09946e-06     -1.85135      1.83483  0.000522728
-0.000520847  1.85065e-05 -2.72997e-06  1.80142e-05 -1.67898e-06  1.75336e-05 -9.86068e-07  1.11095e-05     -1.78526    0.0320134
Ux:
     -2.6381
 -1.3683e-05
-8.31408e-07
-2.46951e-06
-2.10792e-06
 0.000349507
 0.000336265
 0.000325476
 0.000319717
   0.0349971
Uy:
 2.81877e-05
 1.25352e-08
 1.97972e-08
   2.773e-08
 3.42171e-08
 3.92469e-08
 4.50424e-08
 5.08962e-08
 5.69872e-08
-3.09483e-07
Solving ZMP MPC for k=5 took 0 ms
ZMP REF X=0, Y=0
X=-0.0199454, 0, 0.00039452
Y=4.28462e-06, 0, 0.000152014
Ux=-2.6381, Uy=2.81877e-05

Px:
         1      0.005 -0.0280201
         1       0.01 -0.0279826
         1      0.015 -0.0279201
         1       0.02 -0.0278326
         1      0.025 -0.0277201
         1       0.03 -0.0275826
         1      0.035 -0.0274201
         1       0.04 -0.0272326
         1      0.045 -0.0270201
         1       0.05 -0.0267826
X:
-0.0199454
         0
0.00039452
Y:
4.28462e-06
          0
0.000152014
ZMP_REFS_X:
0
0
0
0
0
0
0
0
0
0
ZMP_REFS_Y:
0
0
0
0
0
0
0
0
0
0
PuPuRQIPuT:
     0.03897  -0.00134733  0.000241365  -0.00131551  0.000170466  -0.00128465  0.000105827  -0.00126443  0.000490488      132.161
    -2.17323      2.17322  9.42805e-06 -6.79825e-09  8.86221e-10  -6.6787e-09  5.50181e-10 -6.57356e-09  2.54998e-09  0.000687086
-1.03893e-05      -2.0827       2.0827   9.0337e-06  9.31559e-11 -4.29878e-10  3.54078e-11 -4.23109e-10  1.64124e-10  4.42238e-05
-1.09406e-06 -8.44608e-06      -2.0827       2.0827  8.32623e-06 -1.20426e-09  1.01638e-10 -1.21775e-09  4.72221e-10  0.000127317
-1.59702e-06  5.87241e-07 -8.15214e-06     -1.99941      1.99942  7.99205e-06 -7.52689e-08  7.43335e-08 -7.16134e-08  0.000110118
-7.40371e-06  8.02042e-07  4.98207e-07 -7.26636e-06     -1.99942      1.99942     -0.01885    0.0188575   -0.0180157  0.000512132
-7.64393e-06  7.93047e-07  4.79068e-07  7.18885e-07 -7.28793e-06     -1.92254      1.90441    0.0181393   -0.0173231  0.000483626
 -7.9169e-06  7.91255e-07  4.65767e-07   7.1753e-07  5.98126e-07 -6.33015e-06     -1.88627      1.88627   -0.0168311  0.000539274
-8.27693e-06  7.97681e-07  4.57122e-07  7.23643e-07  3.10964e-07   6.6873e-07 -6.09946e-06     -1.85135      1.83483  0.000522728
-0.000520847  1.85065e-05 -2.72997e-06  1.80142e-05 -1.67898e-06  1.75336e-05 -9.86068e-07  1.11095e-05     -1.78526    0.0320134
Ux:
     -2.6381
 -1.3683e-05
-8.31408e-07
-2.46951e-06
-2.10792e-06
 0.000349507
 0.000336265
 0.000325476
 0.000319717
   0.0349971
Uy:
 2.81877e-05
 1.25352e-08
 1.97972e-08
   2.773e-08
 3.42171e-08
 3.92469e-08
 4.50424e-08
 5.08962e-08
 5.69872e-08
-3.09483e-07
Solving ZMP MPC for k=6 took 0 ms
ZMP REF X=0, Y=0
X=-0.0199454, 0, 0.00039452
Y=4.28462e-06, 0, 0.000152014
Ux=-2.6381, Uy=2.81877e-05

Px:
         1      0.005 -0.0280201
         1       0.01 -0.0279826
         1      0.015 -0.0279201
         1       0.02 -0.0278326
         1      0.025 -0.0277201
         1       0.03 -0.0275826
         1      0.035 -0.0274201
         1       0.04 -0.0272326
         1      0.045 -0.0270201
         1       0.05 -0.0267826
X:
-0.0199454
         0
0.00039452
Y:
4.28462e-06
          0
0.000152014
ZMP_REFS_X:
0
0
0
0
0
0
0
0
0
0
ZMP_REFS_Y:
0
0
0
0
0
0
0
0
0
0
PuPuRQIPuT:
     0.03897  -0.00134733  0.000241365  -0.00131551  0.000170466  -0.00128465  0.000105827  -0.00126443  0.000490488      132.161
    -2.17323      2.17322  9.42805e-06 -6.79825e-09  8.86221e-10  -6.6787e-09  5.50181e-10 -6.57356e-09  2.54998e-09  0.000687086
-1.03893e-05      -2.0827       2.0827   9.0337e-06  9.31559e-11 -4.29878e-10  3.54078e-11 -4.23109e-10  1.64124e-10  4.42238e-05
-1.09406e-06 -8.44608e-06      -2.0827       2.0827  8.32623e-06 -1.20426e-09  1.01638e-10 -1.21775e-09  4.72221e-10  0.000127317
-1.59702e-06  5.87241e-07 -8.15214e-06     -1.99941      1.99942  7.99205e-06 -7.52689e-08  7.43335e-08 -7.16134e-08  0.000110118
-7.40371e-06  8.02042e-07  4.98207e-07 -7.26636e-06     -1.99942      1.99942     -0.01885    0.0188575   -0.0180157  0.000512132
-7.64393e-06  7.93047e-07  4.79068e-07  7.18885e-07 -7.28793e-06     -1.92254      1.90441    0.0181393   -0.0173231  0.000483626
 -7.9169e-06  7.91255e-07  4.65767e-07   7.1753e-07  5.98126e-07 -6.33015e-06     -1.88627      1.88627   -0.0168311  0.000539274
-8.27693e-06  7.97681e-07  4.57122e-07  7.23643e-07  3.10964e-07   6.6873e-07 -6.09946e-06     -1.85135      1.83483  0.000522728
-0.000520847  1.85065e-05 -2.72997e-06  1.80142e-05 -1.67898e-06  1.75336e-05 -9.86068e-07  1.11095e-05     -1.78526    0.0320134
Ux:
     -2.6381
 -1.3683e-05
-8.31408e-07
-2.46951e-06
-2.10792e-06
 0.000349507
 0.000336265
 0.000325476
 0.000319717
   0.0349971
Uy:
2.81875e-05
1.25352e-08
1.97972e-08
  2.773e-08
3.42171e-08
3.92469e-08
4.50424e-08
5.08963e-08
5.69873e-08
-3.0948e-07
Solving ZMP MPC for k=7 took 0 ms
ZMP REF X=0, Y=0
X=-0.0199454, 0, 0.00039452
Y=4.28462e-06, 0, 0.000152014
Ux=-2.6381, Uy=2.81875e-05

Px:
         1      0.005 -0.0280201
         1       0.01 -0.0279826
         1      0.015 -0.0279201
         1       0.02 -0.0278326
         1      0.025 -0.0277201
         1       0.03 -0.0275826
         1      0.035 -0.0274201
         1       0.04 -0.0272326
         1      0.045 -0.0270201
         1       0.05 -0.0267826
X:
-0.0192129
-0.0209708
0.00039452
Y:
4.15357e-06
3.95072e-06
0.000152014
ZMP_REFS_X:
0
0
0
0
0
0
0
0
0
0
ZMP_REFS_Y:
0
0
0
0
0
0
0
0
0
0
PuPuRQIPuT:
     0.03897  -0.00134733  0.000241365  -0.00131551  0.000170466  -0.00128465  0.000105827  -0.00126443  0.000490488      132.161
    -2.17323      2.17322  9.42805e-06 -6.79825e-09  8.86221e-10  -6.6787e-09  5.50181e-10 -6.57356e-09  2.54998e-09  0.000687086
-1.03893e-05      -2.0827       2.0827   9.0337e-06  9.31559e-11 -4.29878e-10  3.54078e-11 -4.23109e-10  1.64124e-10  4.42238e-05
-1.09406e-06 -8.44608e-06      -2.0827       2.0827  8.32623e-06 -1.20426e-09  1.01638e-10 -1.21775e-09  4.72221e-10  0.000127317
-1.59702e-06  5.87241e-07 -8.15214e-06     -1.99941      1.99942  7.99205e-06 -7.52689e-08  7.43335e-08 -7.16134e-08  0.000110118
-7.40371e-06  8.02042e-07  4.98207e-07 -7.26636e-06     -1.99942      1.99942     -0.01885    0.0188575   -0.0180157  0.000512132
-7.64393e-06  7.93047e-07  4.79068e-07  7.18885e-07 -7.28793e-06     -1.92254      1.90441    0.0181393   -0.0173231  0.000483626
 -7.9169e-06  7.91255e-07  4.65767e-07   7.1753e-07  5.98126e-07 -6.33015e-06     -1.88627      1.88627   -0.0168311  0.000539274
-8.27693e-06  7.97681e-07  4.57122e-07  7.23643e-07  3.10964e-07   6.6873e-07 -6.09946e-06     -1.85135      1.83483  0.000522728
-0.000520847  1.85065e-05 -2.72997e-06  1.80142e-05 -1.67898e-06  1.75336e-05 -9.86068e-07  1.11095e-05     -1.78526    0.0320134
Ux:
    -2.67984
-0.000241773
-0.000219227
-0.000220892
-0.000211792
 0.000141519
 0.000136276
 0.000131071
 0.000128915
   0.0353636
Uy:
 3.69708e-05
 5.55102e-08
 6.09415e-08
 6.88798e-08
 7.37207e-08
 7.83083e-08
 8.26013e-08
  8.7407e-08
 9.28213e-08
-3.90733e-07
Solving ZMP MPC for k=8 took 1 ms
ZMP REF X=0, Y=0
X=-0.0192129, -0.0209708, 0.00039452
Y=4.15357e-06, 3.95072e-06, 0.000152014
Ux=-2.67984, Uy=3.69708e-05

Px:
         1      0.005 -0.0280201
         1       0.01 -0.0279826
         1      0.015 -0.0279201
         1       0.02 -0.0278326
         1      0.025 -0.0277201
         1       0.03 -0.0275826
         1      0.035 -0.0274201
         1       0.04 -0.0272326
         1      0.045 -0.0270201
         1       0.05 -0.0267826
X:
-0.0192129
-0.0209708
  -1.60835
Y:
4.15357e-06
3.95072e-06
-0.00276342
ZMP_REFS_X:
0
0
0
0
0
0
0
0
0
0
ZMP_REFS_Y:
0
0
0
0
0
0
0
0
0
0
PuPuRQIPuT:
     0.03897  -0.00134733  0.000241365  -0.00131551  0.000170466  -0.00128465  0.000105827  -0.00126443  0.000490488      132.161
    -2.17323      2.17322  9.42805e-06 -6.79825e-09  8.86221e-10  -6.6787e-09  5.50181e-10 -6.57356e-09  2.54998e-09  0.000687086
-1.03893e-05      -2.0827       2.0827   9.0337e-06  9.31559e-11 -4.29878e-10  3.54078e-11 -4.23109e-10  1.64124e-10  4.42238e-05
-1.09406e-06 -8.44608e-06      -2.0827       2.0827  8.32623e-06 -1.20426e-09  1.01638e-10 -1.21775e-09  4.72221e-10  0.000127317
-1.59702e-06  5.87241e-07 -8.15214e-06     -1.99941      1.99942  7.99205e-06 -7.52689e-08  7.43335e-08 -7.16134e-08  0.000110118
-7.40371e-06  8.02042e-07  4.98207e-07 -7.26636e-06     -1.99942      1.99942     -0.01885    0.0188575   -0.0180157  0.000512132
-7.64393e-06  7.93047e-07  4.79068e-07  7.18885e-07 -7.28793e-06     -1.92254      1.90441    0.0181393   -0.0173231  0.000483626
 -7.9169e-06  7.91255e-07  4.65767e-07   7.1753e-07  5.98126e-07 -6.33015e-06     -1.88627      1.88627   -0.0168311  0.000539274
-8.27693e-06  7.97681e-07  4.57122e-07  7.23643e-07  3.10964e-07   6.6873e-07 -6.09946e-06     -1.85135      1.83483  0.000522728
-0.000520847  1.85065e-05 -2.72997e-06  1.80142e-05 -1.67898e-06  1.75336e-05 -9.86068e-07  1.11095e-05     -1.78526    0.0320134
Ux:
     3.01606
-0.000343268
-0.000426732
-0.000508579
-0.000568915
 -0.00106771
 -0.00110416
 -0.00114677
 -0.00120026
    -0.04088
Uy:
   0.0103593
-1.28424e-07
-3.15108e-07
 -4.5248e-07
-5.73474e-07
-2.11311e-06
-2.16538e-06
-2.22836e-06
-2.31598e-06
-0.000138563
Solving ZMP MPC for k=9 took 0 ms
ZMP REF X=0, Y=0
X=-0.0192129, -0.0209708, -1.60835
Y=4.15357e-06, 3.95072e-06, -0.00276342
Ux=3.01606, Uy=0.0103593

Px:
         1      0.005 -0.0280201
         1       0.01 -0.0279826
         1      0.015 -0.0279201
         1       0.02 -0.0278326
         1      0.025 -0.0277201
         1       0.03 -0.0275826
         1      0.035 -0.0274201
         1       0.04 -0.0272326
         1      0.045 -0.0270201
         1       0.05 -0.0267826
X:
-0.0192129
-0.0209708
  -1.65502
Y:
4.15357e-06
3.95072e-06
0.000522995
ZMP_REFS_X:
0
0
0
0
0
0
0
0
0
0
ZMP_REFS_Y:
0
0
0
0
0
0
0
0
0
0
PuPuRQIPuT:
     0.03897  -0.00134733  0.000241365  -0.00131551  0.000170466  -0.00128465  0.000105827  -0.00126443  0.000490488      132.161
    -2.17323      2.17322  9.42805e-06 -6.79825e-09  8.86221e-10  -6.6787e-09  5.50181e-10 -6.57356e-09  2.54998e-09  0.000687086
-1.03893e-05      -2.0827       2.0827   9.0337e-06  9.31559e-11 -4.29878e-10  3.54078e-11 -4.23109e-10  1.64124e-10  4.42238e-05
-1.09406e-06 -8.44608e-06      -2.0827       2.0827  8.32623e-06 -1.20426e-09  1.01638e-10 -1.21775e-09  4.72221e-10  0.000127317
-1.59702e-06  5.87241e-07 -8.15214e-06     -1.99941      1.99942  7.99205e-06 -7.52689e-08  7.43335e-08 -7.16134e-08  0.000110118
-7.40371e-06  8.02042e-07  4.98207e-07 -7.26636e-06     -1.99942      1.99942     -0.01885    0.0188575   -0.0180157  0.000512132
-7.64393e-06  7.93047e-07  4.79068e-07  7.18885e-07 -7.28793e-06     -1.92254      1.90441    0.0181393   -0.0173231  0.000483626
 -7.9169e-06  7.91255e-07  4.65767e-07   7.1753e-07  5.98126e-07 -6.33015e-06     -1.88627      1.88627   -0.0168311  0.000539274
-8.27693e-06  7.97681e-07  4.57122e-07  7.23643e-07  3.10964e-07   6.6873e-07 -6.09946e-06     -1.85135      1.83483  0.000522728
-0.000520847  1.85065e-05 -2.72997e-06  1.80142e-05 -1.67898e-06  1.75336e-05 -9.86068e-07  1.11095e-05     -1.78526    0.0320134
Ux:
      3.1813
-0.000346212
-0.000432752
-0.000516925
-0.000579275
 -0.00110279
 -0.00114015
 -0.00118384
 -0.00123883
  -0.0430919
Uy:
-0.00127652
7.89153e-08
1.08793e-07
1.35221e-07
1.56074e-07
 3.5716e-07
 3.6865e-07
3.82081e-07
3.99334e-07
1.71913e-05
Solving ZMP MPC for k=10 took 0 ms
ZMP REF X=0, Y=0
X=-0.0192129, -0.0209708, -1.65502
Y=4.15357e-06, 3.95072e-06, 0.000522995
Ux=3.1813, Uy=-0.00127652
